rouge1: 0.2892608462773324
rouge2: 0.0682126038129112
rougeL: 0.14848404014823055
rougeLsum: 0.14849944006180016
