rouge1: 0.22068601939490112
rouge2: 0.026318993018265138
rougeL: 0.15720500357780443
rougeLsum: 0.1572536825575813
