rouge1: 0.3340041130376137
rouge2: 0.1405303114365723
rougeL: 0.21450448998138816
rougeLsum: 0.23355417000510506
