rouge1: 0.4012685670760101
rouge2: 0.1895907308759996
rougeL: 0.2799792425815019
rougeLsum: 0.2798777164078182
