rouge1: 0.49070536998027703
rouge2: 0.25990854281096554
rougeL: 0.3344683504190947
rougeLsum: 0.3341572312666727
