rouge1: 0.010686807707475598
rouge2: 7.1618850775345955e-06
rougeL: 0.008054570236886356
rougeLsum: 0.00805943770607407
